v -5 -5
v -5 4
v -5 6
v -5 15
v 4 -5
v 4 4
v 4 4.5
v 4 5.5
v 4 6
v 4 15
v 4.5 -5
v 4.5 4
v 4.5 4.5
v 4.5 5.5
v 4.5 6
v 4.5 15
v 5.5 -5
v 5.5 4
v 5.5 4.5
v 5.5 5.5
v 5.5 6
v 5.5 15
v 6 -5
v 6 4
v 6 4.5
v 6 5.5
v 6 6
v 6 15
v 15 -5
v 15 4
v 15 4.5
v 15 5.5
v 15 6
v 15 15
v -5 4.5
v -5 5.5
v 4.5 21
v 4.5 19
v 5.5 19
v 5.5 21
v 4 19
v 4 21
v 4.5 19
v 4.5 21
v 5.5 19
v 5.5 21
v 6 19
v 6 21
v 19 19
v 19 21
v 21 19
v 21 21
v 19 6
v 21 6
v 19 5.5
v 21 5.5
v 19 4.5
v 21 4.5
v 19 4
v 21 4
v -3 -3


s|2 20|16 10 11 17|15 -1 1 16							0
s|1 21|10 4 5 11|0 -1 2 -1								1
s|0 22|4 0 1 5|1 -1 -1 3								2
s|1 21|5 1 34 6|-1 2 -1 4								3
s|2 20|6 34 35 7|17 3 -1 5								4
s|1 21|7 35 2 8|-1 4 -1 6								5
s|0 22|8 2 3 9|7 5 -1 -1								6
s|1 21|14 8 9 15|8 -1 6 22								7
s|2 20|20 14 15 21|9 18 7 21							8
s|1 21|26 20 21 27|10 -1 8 23							9
s|0 22|32 26 27 33|-1 11 9 -1							10
s|1 21|31 25 26 32|35 12 -1 10							11
s|2 20|30 24 25 31|34 13 19 11							12
s|1 21|29 23 24 30|33 14 -1 12							13
s|0 22|28 22 23 29|-1 -1 15 13							14
s|1 21|22 16 17 23|14 -1 0 -1							15
s|6 16|17 11 12 18|-1 0 -1 20							16
s|6 16|12 6 7 13|20 -1 4 -1								17
s|6 16|19 13 14 20|-1 20 -1 8							18
s|6 16|24 18 19 25|12 -1 20 -1							19
s|8 14|18 12 13 19|19 16 17 18							20

s|2 7|21 15 37 38|23 8 22 24								21
s|2 6|15 9 40 42|21 7 -1 25									22
s|2 6|27 21 44 46|-1 9 21 26								23
s|2 7|44 42 43 45|26 21 25 -1								24
s|2 6|42 40 41 43|24 22 -1 -1								25
s|2 6|46 44 45 47|27 23 24 -1								26
s|2 6|48 46 47 49|28 -1 26 -1								27
s|2 6|50 48 49 51|-1 29 27 -1								28
s|2 6|53 52 48 50|-1 30 -1 28								29
s|2 6|55 54 52 53|-1 31 35 29								30
s|2 7|57 56 54 55|-1 32 34 30								31
s|2 6|59 58 56 57|-1 -1 33 31								32
s|2 6|58 29 30 56|32 -1 13 34								33
s|2 7|56 30 31 54|31 33 12 35								34
s|2 6|54 31 32 52|30 34 11 -1								35

t|0|-1 0 -1 1


p|-2.5 5|0|0
