v 0 0
v 0 2
v 0 4
v 0 5
v 0 16
v 0 32
v 2 0
v 2 2
v 2 4
v 2 5
v 2 16
v 4 0
v 4 1
v 4 2
v 4 4
v 4 5
v 4 16
v 7 0
v 7 1
v 7 2
v 7 4
v 7 5
v 7 16
v 8 0
v 8 1
v 8 2
v 8 4
v 8 5
v 8 16
v 13 0
v 13 1
v 13 2
v 13 4
v 13 5
v 13 16
v 14 0
v 14 1
v 14 2
v 14 4
v 14 5
v 14 16
v 18 0
v 18 1
v 18 2
v 18 4
v 18 5
v 18 16
v 20 0
v 20 2
v 20 4
v 20 5
v 20 16
v 22 0
v 22 2
v 22 4
v 22 5
v 22 16

s|0 20|29 23 24 30|-1 -1 -1 1								0
s|0 20|30 24 25 31|7 0 3 2									1
s|0 20|31 25 26 32|6 1 4 5									2
s|6 16|24 18 19 25|1 -1 -1 4								3
s|4 18|25 19 20 26|2 3 -1 -1								4
s|0 20|32 26 27 33|-1 2 -1 -1								5
s|4 18|37 31 32 38|-1 7 2 -1								6
s|6 16|36 30 31 37|-1 -1 1 6								7
s|0 45|17 11 12 18|-1 -1 10 9								8
s|0 45|18 12 13 19|3 8 10 16								9
s|0 45|11 6 7 13|

p|1 11|0|1
