v 0 0
v 0 6
v 0 28
v 2 1
v 2 17.5
v 5 4
v 5 6
v 5 18
v 5 21
v 6.5 9
v 6.5 11
v 6.5 13
v 6.5 13.5
v 6,5 17.5
v 7 5
v 7 7
v 7 8
v 7 9
v 7 11
v 7 13
v 7 13.5
v 7 15
v 7 17
v 7 19
v 7 21
v 7.5 4
v 7.5 6
v 10.5 4
v 10.5 6
v 11 5
v 11 7
v 11 8
v 11 9
v 11 11
v 11 13
v 11 13.5
v 11 15
v 11 17
v 11 19
v 11 21
v 11.5 9
v 11.5 11
v 11.5 13
v 11.5 13.5
v 11.5 17.5
v 13 4
v 13 6
v 13 18
v 13 21
v 16 1
v 16 17.5
v 18 0
v 18 6
v 18 28

s|0 20|3 14 29 49|-1 1 11 22
s|0 20|17 15 14 3 9|-1 12 11 0 21
s|0 20|41 42 43 44 50 49 40|-1 20 -1 3 -1 -1 22
s|0 14|12 13 44 43 35 20|-1 21 -1 2 -1 4
s|0 12|16 20 35 31|-1 -1 3 -1
s|16 28|24 8 2 53 48 39|18 -1 7 -1 6 -1
s|16 28|53 52 46 47 48|5 -1 8 10 -1
s|16 28|1 2 8 7 6|23 -1 5 -1 10
s|16 36|46 52 51 45|-1 6 -1 24
s|16 36|25 26 28 27|24 -1 10 -1
s|16 26|6 7 47 46 28 26|-1 7 -1 6 -1 9
s|2 20|14 15 30 29|0 1 12 22
s|4 20|15 17 32 30|11 1 13 22
s|6 20|17 18 33 32|12 -1 14 -1
s|8 20|18 19 34 33|13 19 15 20
s|10 24|19 21 36 34|14 -1 16 -1
s|12 24|21 22 37 36|15 -1 17 -1
s|14 28|22 23 38 37|16 -1 18 -1
s|16 28|23 24 39 38|17 -1 5 -1
s|8 14|10 11 19 18|-1 21 -1 14
s|8 14|33 34 42 41|-1 14 -1 2
s|0 20|4 13 12 11 10 9 3|-1 -1 3 -1 19 -1 1
s|0 20|29 30 32 40 49|0 11 12 -1 2
s|16 36|1 6 5 0|-1 7 -1 24
s|16 36|0 5 25 27 45 51|-1 23 -1 9 -1 8

p|2 5|0|0