v -6.50 -6.50 
v -11.50 -6.50 
v -11.50 10.00 
v -6.50 10.00 
v -2.00 5.50 
v -2.00 -2.00 
v -6.50 -8.00 
v -11.50 -8.00 
v -6.50 -13.00 
v -11.50 -13.00 
v -3.50 -16.00 
v -3.50 -21.00 
v -11.50 -21.00 
v -0.50 -2.00 
v -5.00 -6.50 
v -5.00 -13.00 
v -3.50 -14.50 
v -0.50 5.50 
v 4.00 -16.00 
v 4.00 -21.00 
v 2.50 -21.00 
v 2.50 -16.00 
v 9.00 -16.00 
v 4.00 -14.50 
v 9.00 -14.50 
v 9.00 -21.00 
v -5.00 10.00 
v -11.50 11.50 
v -6.50 11.50 
v -11.50 16.50 
v -6.50 16.50 
v -11.50 24.50 
v -3.50 24.50 
v -3.50 19.50 
v -3.50 18.00 
v -5.00 16.50 
v -5.00 11.50 
v 4.00 19.50 
v 9.00 19.50 
v 9.00 18.00 
v 4.00 18.00 
v 2.50 19.50 
v 2.50 24.50 
v 4.00 24.50 
v 9.00 24.50 
v -5.00 -8.00 
v 2.50 -14.50 
v 2.50 18.00 
v 2.50 -8.00 
v 2.50 -6.50 
v 2.50 -2.00 
v 4.00 -2.00 
v 4.00 -6.50 
v 4.00 -8.00 
v 9.00 -8.00 
v 9.00 -6.50 
v 9.00 -2.00 
v 2.50 5.50 
v 4.00 5.50 
v 9.00 5.50 
v 2.50 10.00 
v 4.00 10.00 
v 9.00 10.00 
v 4.00 11.50 
v 9.00 11.50 
v 2.50 11.50 
v 14.00 5.50 
v 14.00 -2.00 
v 14.00 10.00 
v 14.00 11.50 
v 14.00 18.00 
v 14.00 24.50 
v 14.00 19.50 
v 14.00 -6.50 
v 14.00 -8.00 
v 14.00 -14.50 
v 14.00 -16.00 
v 14.00 -21.00 
v 21.50 -16.00 
v 21.50 -21.00 
v 23.00 -16.00 
v 23.00 -21.00 
v 32.50 -11.50 
v 27.50 -11.50 
v 27.50 -10.00 
v 32.50 -10.00 
v 21.50 -14.50 
v 26.00 -10.00 
v 26.00 -11.50 
v 23.00 -14.50 
v 32.50 -21.00 
v 21.50 24.50 
v 21.50 19.50 
v 21.50 18.00 
v 23.00 24.50 
v 23.00 19.50 
v 32.50 24.50 
v 32.50 15.00 
v 27.50 15.00 
v 26.00 15.00 
v 23.00 18.00 
v 26.00 13.50 
v 32.50 13.50 
v 27.50 13.50 
v 27.50 -7.50 
v 32.50 -7.50 
v 26.00 -7.50 
v 27.50 -5.00 
v 32.50 -5.00 
v 27.50 -2.50 
v 32.50 -2.50 
v 32.50 11.00 
v 27.50 11.00 
v 32.50 8.50 
v 27.50 8.50 
v 32.50 6.00 
v 27.50 6.00 
v 26.00 11.00 
v 25.00 -2.50 
v 25.00 6.00 

s|10.00 40.00|1 2 3 4 5 0|1 -1 11 10 6 4|0.60|
s|12.00 40.00|0 6 7 1|0 -1 2 -1|0.50|
s|14.00 44.00|6 8 9 7|1 19 3 -1|0.60|
s|14.00 44.00|8 10 11 12 9|2 5 20 -1 -1|0.60|
s|10.00 40.00|5 13 14 0|0 6 26 -1|0.60|
s|19.00 29.00|8 15 16 10|3 19 24 21|0.70|
s|8.00 50.00|5 4 17 13|4 0 10 31|1.00|
s|14.00 44.00|19 20 21 18|9 -1 20 -1|0.40|
s|19.00 29.00|18 23 24 22|9 -1 28 -1|0.70|
s|14.00 44.00|18 22 25 19|7 8 49 -1|0.50|
s|10.00 40.00|4 3 26 17|6 0 -1 34|0.60|
s|12.00 40.00|2 27 28 3|0 -1 12 -1|0.50|
s|14.00 44.00|27 29 30 28|11 -1 13 15|0.60|
s|14.00 44.00|29 31 32 33 30|12 -1 -1 22 14|0.60|
s|19.00 29.00|33 34 35 30|13 23 39 15|0.70|
s|19.00 29.00|30 35 36 28|12 14 39 -1|0.70|
s|19.00 29.00|38 39 40 37|18 -1 40 -1|0.70|
s|14.00 44.00|41 42 43 37|-1 22 -1 18|0.40|
s|14.00 44.00|37 43 44 38|16 17 -1 45|0.50|
s|19.00 29.00|8 6 45 15|5 2 -1 24|0.70|
s|14.00 44.00|10 21 20 11|3 21 7 -1|0.50|
s|19.00 29.00|10 16 46 21|20 5 24 -1|0.70|
s|14.00 44.00|41 33 32 42|17 23 13 -1|0.50|
s|19.00 29.00|33 41 47 34|14 22 -1 39|0.70|
s|0.00 50.00|16 15 45 48 46|21 5 19 25 81|0.80|
s|0.00 50.00|45 14 49 48|24 -1 26 -1|0.90|
s|0.00 50.00|14 13 50 49|25 4 31 27|1.00|
s|0.00 50.00|50 51 52 49|26 32 30 -1|1.00|
s|0.00 50.00|23 53 54 24|8 81 29 48|0.90|
s|0.00 50.00|53 52 55 54|28 -1 30 47|1.00|
s|0.00 50.00|52 51 56 55|29 27 33 46|1.00|
s|6.00 50.00|13 17 57 50|26 6 34 32|1.00|
s|4.00 54.00|50 57 58 51|27 31 35 33|1.00|
s|2.00 54.00|51 58 59 56|30 32 36 41|1.00|
s|0.00 50.00|17 26 60 57|31 10 38 35|0.90|
s|0.00 50.00|57 60 61 58|32 34 -1 36|1.00|
s|0.00 50.00|58 61 62 59|33 35 37 42|1.00|
s|0.00 50.00|61 63 64 62|36 -1 40 43|1.00|
s|0.00 50.00|26 36 65 60|34 -1 39 -1|0.90|
s|0.00 50.00|36 35 34 47 65|38 15 14 23 82|0.80|
s|0.00 50.00|63 40 39 64|37 82 16 44|0.90|
s|0.00 54.00|59 66 67 56|33 42 75 46|1.00|
s|0.00 50.00|59 62 68 66|41 36 43 76|1.00|
s|0.00 54.00|62 64 69 68|42 37 44 80|1.00|
s|0.00 50.00|64 39 70 69|43 40 -1 77|1.00|
s|14.00 44.00|44 71 72 38|18 -1 57 -1|0.40|
s|0.00 50.00|56 67 73 55|30 41 74 47|1.00|
s|0.00 54.00|55 73 74 54|29 46 79 48|1.00|
s|0.00 50.00|54 74 75 24|28 47 73 -1|1.00|
s|14.00 44.00|22 76 77 25|9 -1 50 -1|0.40|
s|14.00 44.00|76 78 79 77|49 53 51 -1|0.50|
s|14.00 44.00|78 80 81 79|50 -1 55 -1|0.40|
s|12.00 40.00|83 84 85 82|55 -1 64 -1|0.40|
s|19.00 29.00|76 75 86 78|50 -1 73 -1|0.70|
s|14.00 44.00|88 89 86 87|-1 56 -1 73|0.70|
s|14.00 44.00|82 90 81 80 83|52 -1 -1 51 56|0.50|
s|14.00 44.00|88 83 80 89|54 -1 55 -1|0.60|
s|14.00 44.00|71 91 92 72|45 -1 59 58|0.50|
s|19.00 29.00|92 93 70 72|57 -1 77 -1|0.70|
s|14.00 44.00|91 94 95 92|57 -1 60 -1|0.40|
s|14.00 44.00|94 96 97 98 95|59 -1 -1 63 61|0.50|
s|14.00 44.00|98 99 100 95|60 -1 62 -1|0.60|
s|14.00 44.00|99 101 93 100|61 -1 77 -1|0.70|
s|12.00 40.00|97 102 103 98|60 -1 68 -1|0.40|
s|10.00 40.00|84 104 105 85|52 65 66 -1|0.50|
s|15.00 25.00|84 87 106 104|64 -1 73 -1|0.70|
s|8.00 40.00|104 107 108 105|64 -1 67 -1|0.40|
s|6.00 40.00|107 109 110 108|66 -1 71 -1|0.40|
s|10.00 40.00|102 111 112 103|63 -1 69 72|0.50|
s|8.00 40.00|111 113 114 112|68 -1 70 -1|0.40|
s|6.00 40.00|113 115 116 114|69 -1 71 -1|0.40|
s|4.00 40.00|109 116 115 110|67 78 70 -1|0.50|
s|15.00 25.00|112 117 101 103|68 -1 77 -1|0.70|
s|0.00 50.00|87 86 75 74 106|65 54 53 48 79|1.00|
s|0.00 50.00|67 118 73|46 75 79|1.00|
s|0.00 50.00|67 66 119 118|74 41 76 78|1.00|
s|0.00 50.00|66 68 119|75 42 80|1.00|
s|0.00 50.00|70 93 101 117 69|44 58 62 72 80|1.00|
s|2.00 40.00|109 118 119 116|71 -1 75 -1|0.60|
s|0.00 50.00|74 73 118 106|73 47 74 -1|1.00|
s|0.00 50.00|68 69 117 119|76 43 77 -1|1.00|
s|0.00 50.00|23 46 48 53|28 -1 24 -1|0.90|
s|0.00 50.00|47 40 63 65|39 -1 40 -1|0.90|

t|0|-1 -1|-1 -1 -1 -1 -1 -1|
t|1|-1 -1|-1 -1 -1 -1|
t|2|-1 -1|-1 -1 -1 -1|
t|3|-1 -1|-1 -1 -1 -1 -1|
t|4|-1 -1|-1 -1 -1 -1|
t|5|-1 -1|-1 -1 -1 -1|
t|6|-1 -1|-1 -1 -1 -1|
t|7|-1 -1|-1 -1 -1 -1|
t|8|-1 -1|-1 -1 -1 -1|
t|9|-1 -1|-1 -1 -1 -1|
t|10|-1 -1|-1 -1 -1 -1|
t|11|-1 -1|-1 -1 -1 -1|
t|12|-1 -1|-1 -1 -1 -1|
t|13|-1 -1|-1 -1 -1 -1 -1|
t|14|-1 -1|-1 -1 -1 -1|
t|15|-1 -1|-1 -1 -1 -1|
t|16|-1 -1|-1 -1 -1 -1|
t|17|-1 -1|-1 -1 -1 -1|
t|18|-1 -1|-1 -1 -1 -1|
t|19|-1 -1|-1 -1 -1 -1|
t|20|-1 -1|-1 -1 -1 -1|
t|21|-1 -1|-1 -1 -1 -1|
t|22|-1 -1|-1 -1 -1 -1|
t|23|-1 -1|-1 -1 -1 -1|
t|24|-1 -1|-1 -1 -1 -1 -1|
t|25|-1 -1|-1 -1 -1 -1|
t|26|-1 -1|-1 -1 -1 -1|
t|27|-1 -1|-1 -1 -1 -1|
t|28|-1 -1|-1 -1 -1 -1|
t|29|-1 -1|-1 -1 -1 -1|
t|30|-1 -1|-1 -1 -1 -1|
t|31|-1 -1|-1 -1 -1 -1|
t|32|-1 sky|-1 -1 -1 -1|
t|33|-1 sky|-1 -1 -1 -1|
t|34|-1 -1|-1 -1 -1 -1|
t|35|-1 -1|-1 -1 -1 -1|
t|36|-1 -1|-1 -1 -1 -1|
t|37|-1 -1|-1 -1 -1 -1|
t|38|-1 -1|-1 -1 -1 -1|
t|39|-1 -1|-1 -1 -1 -1 -1|
t|40|-1 -1|-1 -1 -1 -1|
t|41|-1 sky|-1 -1 -1 -1|
t|42|-1 -1|-1 -1 -1 -1|
t|43|-1 sky|-1 -1 -1 -1|
t|44|-1 -1|-1 -1 -1 -1|
t|45|-1 -1|-1 -1 -1 -1|
t|46|-1 -1|-1 -1 -1 -1|
t|47|-1 sky|-1 -1 -1 -1|
t|48|-1 -1|-1 -1 -1 -1|
t|49|-1 -1|-1 -1 -1 -1|
t|50|-1 -1|-1 -1 -1 -1|
t|51|-1 -1|-1 -1 -1 -1|
t|52|-1 -1|-1 -1 -1 -1|
t|53|-1 -1|-1 -1 -1 -1|
t|54|-1 -1|-1 -1 -1 -1|
t|55|-1 -1|-1 -1 -1 -1 -1|
t|56|-1 -1|-1 -1 -1 -1|
t|57|-1 -1|-1 -1 -1 -1|
t|58|-1 -1|-1 -1 -1 -1|
t|59|-1 -1|-1 -1 -1 -1|
t|60|-1 -1|-1 -1 -1 -1 -1|
t|61|-1 -1|-1 -1 -1 -1|
t|62|-1 -1|-1 -1 -1 -1|
t|63|-1 -1|-1 -1 -1 -1|
t|64|-1 -1|-1 -1 -1 -1|
t|65|-1 -1|-1 -1 -1 -1|
t|66|-1 -1|-1 -1 -1 -1|
t|67|-1 -1|-1 -1 -1 -1|
t|68|-1 -1|-1 -1 -1 -1|
t|69|-1 -1|-1 -1 -1 -1|
t|70|-1 -1|-1 -1 -1 -1|
t|71|-1 -1|-1 -1 -1 -1|
t|72|-1 -1|-1 -1 -1 -1|
t|73|-1 -1|-1 -1 -1 -1 -1|
t|74|-1 -1|-1 -1 -1|
t|75|-1 -1|-1 -1 -1 -1|
t|76|-1 -1|-1 -1 -1|
t|77|-1 -1|-1 -1 -1 -1 -1|
t|78|-1 -1|-1 -1 -1 -1|
t|79|-1 -1|-1 -1 -1 -1|
t|80|-1 -1|-1 -1 -1 -1|
t|81|-1 -1|-1 -1 -1 -1|
t|82|-1 -1|-1 -1 -1 -1|


p|1.50 -7.00|0|0|
