v 0.0 0.0
v 0.0 10.0
v 0.0 11.0
v 0.0 12.0
v 0.0 13.0
v 0.0 14.0
v 0.0 15.0
v 5.0 0.0
v 5.0 10.0
v 5.0 11.0
v 5.0 12.0
v 5.0 13.0
v 5.0 14.0
v 5.0 15.0
v 6.0 0.0
v 6.0 10.0
v 6.0 11.0
v 6.0 12.0
v 6.0 13.0
v 6.0 14.0
v 6.0 15.0
v 15.0 0.0
v 15.0 10.0
v 15.0 11.0
v 15.0 12.0
v 15.0 13.0
v 15.0 14.0
v 15.0 15.0


s|0.0 35.0|7 0 1 8|14 -1 -1 1|			#0
s|0.0 35.0|8 1 2 9|-1 0 -1 2|			#1
s|0.0 35.0|9 2 3 10|-1 1 -1 3|			#2
s|0.0 35.0|10 3 4 11|-1 2 -1 4|			#3
s|0.0 35.0|11 4 5 12|6 3 -1 5|			#4
s|0.0 35.0|12 5 6 13|-1 4 -1 -1|		#5
s|0.0 35.0|18 11 12 19|9 -1 4 -1		#6
s|0.0 35.0|16 9 10 17|-1 -1 2 -1|		#7

s|0.0 35.0|26 19 20 27|-1 9 -1 -1|		#8
s|0.0 35.0|25 18 19 26|-1 10 6 8|		#9
s|0.0 35.0|24 17 18 25|-1 11 -1 9|		#10
s|0.0 35.0|23 16 17 24|-1 12 -1 10|		#11
s|0.0 35.0|22 15 16 23|-1 13 -1 11|		#12
s|0.0 35.0|21 14 15 22|-1 -1 14 12|		#13
s|0.0 35.0|14 7 8 15|13 -1 0 -1|		#14


o|4|13.5 1.0|0|
o|9|13.5 10.0|2|
 o|13|9.0 14.0|2|
 o|12|10.5 10.0|2|


p|2.0 2.0|0|0.0|